Proje 3
[7, 5, 1, 8, 3, 6, 0, 9, 4, 2] dizisinin Binary-Search-Tree aşamalarını yazınız.

      sonuç    >>                                            7
                                                      5             8  
                                                4         6            9 
                                            0     1      3 
                                                    2


      Adımlar :
      
      1 >>                                                          7 
     
      2 >>                                                      7 
                                                               5
      
      3 >>                                                      7 
                                                               5
                                                              1 
      
      4 >>                                                      7
                                                          5           8
                                                        1

      5 >>                                                       7
                                                            5         8
                                                          1  3
                                                                

      6 >>                                                      7
                                                          5         8  
                                                      1       6
                                                            3 

      
     7 >>                                                      7
                                                          5         8  
                                                      1       6
                                                     0      3 


      8 >>                                                      7
                                                          5         8  
                                                      1       6         9 
                                                     0      3 
     
    
      9 >>                                                    7
                                                        5           8  
                                                    4       6           9 
                                                  0   1   3 



        10 >>                                                 7
                                                      5             8  
                                                4         6            9 
                                            0     1      3 
                                                    2
                                                        






                                                     
